-1.645625
-1.141210
0.361435
-0.791167
0.049281
1.392885
0.275461
-1.056144
1.546524
-0.258241
0.337325
-0.039827
-1.490790
0.691963
-1.355625
-0.788102
0.144036
-3.128568
0.424012
-0.019077
-1.606868
1.616290
-0.703124
1.028044
-1.076833
-0.820726
-0.440073
0.224265
-1.245288
-0.745602
-2.752759
0.250090
1.097785
-1.231641
-0.112855
-0.025210
1.983681
0.933794
0.319975
0.462757
-1.530790
0.892317
-1.823401
-0.547535
-1.644078
1.918435
2.776304
-1.894782
-0.285500
2.907180
-0.480077
-0.085867
-0.779551
0.827420
1.713562
-1.604295
1.094177
-0.547594
-1.015517
-1.685653
0.023193
0.789727
1.259603
0.910492
-1.133974
-2.466813
0.218233
0.603795
0.820735
1.153881
-0.445392
-0.938131
1.188791
0.958931
0.763198
-0.448939
1.054920
-1.414570
0.142395
-0.927556
-1.130039
0.051669
0.164571
-0.692353
0.612439
-1.394957
-1.051735
-0.193718
1.107640
0.664336
1.236997
-1.913802
-0.163284
0.436127
-1.297165
0.836352
-0.078972
0.133694
-1.397639
0.909086
-1.629466
-1.252909
-1.408063
-1.174510
-0.773938
-1.215606
-0.841057
-0.324765
1.360568
-1.159344
0.931441
-0.271513
1.673512
-1.032652
0.033119
-1.803975
-0.737889
0.858512
-0.141040
-0.211706
